Running Gradient Descent ...
J =  32.073
ans =  32.073
num_features =  2
theta =

   0.058391
   0.653288

J =  6.7372
num_features =  2
theta =

   0.062892
   0.770010

J =  5.9316
num_features =  2
theta =

   0.057823
   0.791348

J =  5.9012
num_features =  2
theta =

   0.051064
   0.795730

J =  5.8952
num_features =  2
theta =

   0.044014
   0.797096

J =  5.8901
num_features =  2
theta =

   0.036924
   0.797925

J =  5.8850
num_features =  2
theta =

   0.029837
   0.798658

J =  5.8799
num_features =  2
theta =

   0.022761
   0.799373

J =  5.8749
num_features =  2
theta =

   0.015698
   0.800083

J =  5.8698
num_features =  2
theta =

   0.0086469
   0.8007915

J =  5.8648
num_features =  2
theta =

   0.0016088
   0.8014986

J =  5.8598
num_features =  2
theta =

  -0.0054166
   0.8022044

J =  5.8548
num_features =  2
theta =

  -0.012429
   0.802909

J =  5.8499
num_features =  2
theta =

  -0.019429
   0.803612

J =  5.8449
num_features =  2
theta =

  -0.026417
   0.804314

J =  5.8400
num_features =  2
theta =

  -0.033392
   0.805015

J =  5.8351
num_features =  2
theta =

  -0.040354
   0.805714

J =  5.8302
num_features =  2
theta =

  -0.047304
   0.806412

J =  5.8253
num_features =  2
theta =

  -0.054241
   0.807109

J =  5.8205
num_features =  2
theta =

  -0.061166
   0.807805

J =  5.8156
num_features =  2
theta =

  -0.068078
   0.808499

J =  5.8108
num_features =  2
theta =

  -0.074978
   0.809193

J =  5.8060
num_features =  2
theta =

  -0.081865
   0.809884

J =  5.8012
num_features =  2
theta =

  -0.088740
   0.810575

J =  5.7965
num_features =  2
theta =

  -0.095603
   0.811265

J =  5.7917
num_features =  2
theta =

  -0.10245
   0.81195

J =  5.7870
num_features =  2
theta =

  -0.10929
   0.81264

J =  5.7822
num_features =  2
theta =

  -0.11612
   0.81333

J =  5.7775
num_features =  2
theta =

  -0.12293
   0.81401

J =  5.7729
num_features =  2
theta =

  -0.12973
   0.81469

J =  5.7682
num_features =  2
theta =

  -0.13652
   0.81538

J =  5.7635
num_features =  2
theta =

  -0.14330
   0.81606

J =  5.7589
num_features =  2
theta =

  -0.15006
   0.81674

J =  5.7543
num_features =  2
theta =

  -0.15681
   0.81741

J =  5.7497
num_features =  2
theta =

  -0.16355
   0.81809

J =  5.7451
num_features =  2
theta =

  -0.17028
   0.81877

J =  5.7405
num_features =  2
theta =

  -0.17700
   0.81944

J =  5.7360
num_features =  2
theta =

  -0.18370
   0.82011

J =  5.7315
num_features =  2
theta =

  -0.19039
   0.82079

J =  5.7269
num_features =  2
theta =

  -0.19707
   0.82146

J =  5.7224
num_features =  2
theta =

  -0.20374
   0.82213

J =  5.7179
num_features =  2
theta =

  -0.21039
   0.82280

J =  5.7135
num_features =  2
theta =

  -0.21704
   0.82346

J =  5.7090
num_features =  2
theta =

  -0.22367
   0.82413

J =  5.7046
num_features =  2
theta =

  -0.23029
   0.82479

J =  5.7002
num_features =  2
theta =

  -0.23689
   0.82546

J =  5.6958
num_features =  2
theta =

  -0.24349
   0.82612

J =  5.6914
num_features =  2
theta =

  -0.25007
   0.82678

J =  5.6870
num_features =  2
theta =

  -0.25664
   0.82744

J =  5.6826
num_features =  2
theta =

  -0.26320
   0.82810

J =  5.6783
num_features =  2
theta =

  -0.26975
   0.82876

J =  5.6740
num_features =  2
theta =

  -0.27629
   0.82942

J =  5.6697
num_features =  2
theta =

  -0.28281
   0.83007

J =  5.6654
num_features =  2
theta =

  -0.28933
   0.83073

J =  5.6611
num_features =  2
theta =

  -0.29583
   0.83138

J =  5.6568
num_features =  2
theta =

  -0.30232
   0.83203

J =  5.6526
num_features =  2
theta =

  -0.30879
   0.83268

J =  5.6483
num_features =  2
theta =

  -0.31526
   0.83333

J =  5.6441
num_features =  2
theta =

  -0.32171
   0.83398

J =  5.6399
num_features =  2
theta =

  -0.32816
   0.83463

J =  5.6357
num_features =  2
theta =

  -0.33459
   0.83527

J =  5.6315
num_features =  2
theta =

  -0.34101
   0.83592

J =  5.6274
num_features =  2
theta =

  -0.34741
   0.83656

J =  5.6232
num_features =  2
theta =

  -0.35381
   0.83720

J =  5.6191
num_features =  2
theta =

  -0.36020
   0.83785

J =  5.6150
num_features =  2
theta =

  -0.36657
   0.83849

J =  5.6109
num_features =  2
theta =

  -0.37293
   0.83913

J =  5.6068
num_features =  2
theta =

  -0.37928
   0.83976

J =  5.6027
num_features =  2
theta =

  -0.38562
   0.84040

J =  5.5987
num_features =  2
theta =

  -0.39195
   0.84104

J =  5.5946
num_features =  2
theta =

  -0.39826
   0.84167

J =  5.5906
num_features =  2
theta =

  -0.40457
   0.84230

J =  5.5866
num_features =  2
theta =

  -0.41086
   0.84294

J =  5.5826
num_features =  2
theta =

  -0.41714
   0.84357

J =  5.5786
num_features =  2
theta =

  -0.42341
   0.84420

J =  5.5747
num_features =  2
theta =

  -0.42967
   0.84483

J =  5.5707
num_features =  2
theta =

  -0.43592
   0.84545

J =  5.5668
num_features =  2
theta =

  -0.44216
   0.84608

J =  5.5628
num_features =  2
theta =

  -0.44838
   0.84671

J =  5.5589
num_features =  2
theta =

  -0.45460
   0.84733

J =  5.5550
num_features =  2
theta =

  -0.46080
   0.84795

J =  5.5512
num_features =  2
theta =

  -0.46699
   0.84857

J =  5.5473
num_features =  2
theta =

  -0.47317
   0.84920

J =  5.5434
num_features =  2
theta =

  -0.47934
   0.84982

J =  5.5396
num_features =  2
theta =

  -0.48550
   0.85043

J =  5.5358
num_features =  2
theta =

  -0.49165
   0.85105

J =  5.5319
num_features =  2
theta =

  -0.49778
   0.85167

J =  5.5281
num_features =  2
theta =

  -0.50391
   0.85228

J =  5.5244
num_features =  2
theta =

  -0.51002
   0.85290

J =  5.5206
num_features =  2
theta =

  -0.51613
   0.85351

J =  5.5168
num_features =  2
theta =

  -0.52222
   0.85412

J =  5.5131
num_features =  2
theta =

  -0.52830
   0.85473

J =  5.5094
num_features =  2
theta =

  -0.53437
   0.85534

J =  5.5056
num_features =  2
theta =

  -0.54043
   0.85595

J =  5.5019
num_features =  2
theta =

  -0.54648
   0.85656

J =  5.4982
num_features =  2
theta =

  -0.55252
   0.85717

J =  5.4946
num_features =  2
theta =

  -0.55854
   0.85777

J =  5.4909
num_features =  2
theta =

  -0.56456
   0.85838

J =  5.4872
num_features =  2
theta =

  -0.57056
   0.85898

J =  5.4836
num_features =  2
theta =

  -0.57656
   0.85958

J =  5.4800
num_features =  2
theta =

  -0.58254
   0.86018

J =  5.4764
num_features =  2
theta =

  -0.58851
   0.86078

J =  5.4728
num_features =  2
theta =

  -0.59447
   0.86138

J =  5.4692
num_features =  2
theta =

  -0.60042
   0.86198

J =  5.4656
num_features =  2
theta =

  -0.60636
   0.86258

J =  5.4620
num_features =  2
theta =

  -0.61229
   0.86317

J =  5.4585
num_features =  2
theta =

  -0.61821
   0.86377

J =  5.4550
num_features =  2
theta =

  -0.62412
   0.86436

J =  5.4514
num_features =  2
theta =

  -0.63002
   0.86495

J =  5.4479
num_features =  2
theta =

  -0.63591
   0.86554

J =  5.4444
num_features =  2
theta =

  -0.64178
   0.86613

J =  5.4409
num_features =  2
theta =

  -0.64765
   0.86672

J =  5.4375
num_features =  2
theta =

  -0.65350
   0.86731

J =  5.4340
num_features =  2
theta =

  -0.65935
   0.86790

J =  5.4306
num_features =  2
theta =

  -0.66518
   0.86848

J =  5.4271
num_features =  2
theta =

  -0.67100
   0.86907

J =  5.4237
num_features =  2
theta =

  -0.67682
   0.86965

J =  5.4203
num_features =  2
theta =

  -0.68262
   0.87024

J =  5.4169
num_features =  2
theta =

  -0.68841
   0.87082

J =  5.4135
num_features =  2
theta =

  -0.69419
   0.87140

J =  5.4101
num_features =  2
theta =

  -0.69996
   0.87198

J =  5.4068
num_features =  2
theta =

  -0.70573
   0.87256

J =  5.4034
num_features =  2
theta =

  -0.71148
   0.87314

J =  5.4001
num_features =  2
theta =

  -0.71722
   0.87371

J =  5.3968
num_features =  2
theta =

  -0.72295
   0.87429

J =  5.3935
num_features =  2
theta =

  -0.72866
   0.87486

J =  5.3902
num_features =  2
