Running Gradient Descent ...
J =  32.073
ans =  32.073
theta =

   0.058391
   0.653288

J =  6.7372
theta =

   0.062892
   0.770010

J =  5.9316
theta =

   0.057823
   0.791348

J =  5.9012
theta =

   0.051064
   0.795730

J =  5.8952
theta =

   0.044014
   0.797096

J =  5.8901
theta =

   0.036924
   0.797925

J =  5.8850
theta =

   0.029837
   0.798658

J =  5.8799
theta =

   0.022761
   0.799373

J =  5.8749
theta =

   0.015698
   0.800083

J =  5.8698
theta =

   0.0086469
   0.8007915

J =  5.8648
theta =

   0.0016088
   0.8014986

J =  5.8598
theta =

  -0.0054166
   0.8022044

J =  5.8548
theta =

  -0.012429
   0.802909

J =  5.8499
theta =

  -0.019429
   0.803612

J =  5.8449
theta =

  -0.026417
   0.804314

J =  5.8400
theta =

  -0.033392
   0.805015

J =  5.8351
theta =

  -0.040354
   0.805714

J =  5.8302
theta =

  -0.047304
   0.806412

J =  5.8253
theta =

  -0.054241
   0.807109

J =  5.8205
theta =

  -0.061166
   0.807805

J =  5.8156
theta =

  -0.068078
   0.808499

J =  5.8108
theta =

  -0.074978
   0.809193

J =  5.8060
theta =

  -0.081865
   0.809884

J =  5.8012
theta =

  -0.088740
   0.810575

J =  5.7965
theta =

  -0.095603
   0.811265

J =  5.7917
theta =

  -0.10245
   0.81195

J =  5.7870
theta =

  -0.10929
   0.81264

J =  5.7822
theta =

  -0.11612
   0.81333

J =  5.7775
theta =

  -0.12293
   0.81401

J =  5.7729
theta =

  -0.12973
   0.81469

J =  5.7682
theta =

  -0.13652
   0.81538

J =  5.7635
theta =

  -0.14330
   0.81606

J =  5.7589
theta =

  -0.15006
   0.81674

J =  5.7543
theta =

  -0.15681
   0.81741

J =  5.7497
theta =

  -0.16355
   0.81809

J =  5.7451
theta =

  -0.17028
   0.81877

J =  5.7405
theta =

  -0.17700
   0.81944

J =  5.7360
theta =

  -0.18370
   0.82011

J =  5.7315
theta =

  -0.19039
   0.82079

J =  5.7269
theta =

  -0.19707
   0.82146

J =  5.7224
theta =

  -0.20374
   0.82213

J =  5.7179
theta =

  -0.21039
   0.82280

J =  5.7135
theta =

  -0.21704
   0.82346

J =  5.7090
theta =

  -0.22367
   0.82413

J =  5.7046
theta =

  -0.23029
   0.82479

J =  5.7002
theta =

  -0.23689
   0.82546

J =  5.6958
theta =

  -0.24349
   0.82612

J =  5.6914
theta =

  -0.25007
   0.82678

J =  5.6870
theta =

  -0.25664
   0.82744

J =  5.6826
theta =

  -0.26320
   0.82810

J =  5.6783
theta =

  -0.26975
   0.82876

J =  5.6740
theta =

  -0.27629
   0.82942

J =  5.6697
theta =

  -0.28281
   0.83007

J =  5.6654
theta =

  -0.28933
   0.83073

J =  5.6611
theta =

  -0.29583
   0.83138

J =  5.6568
theta =

  -0.30232
   0.83203

J =  5.6526
theta =

  -0.30879
   0.83268

J =  5.6483
theta =

  -0.31526
   0.83333

J =  5.6441
theta =

  -0.32171
   0.83398

J =  5.6399
theta =

  -0.32816
   0.83463

J =  5.6357
theta =

  -0.33459
   0.83527

J =  5.6315
theta =

  -0.34101
   0.83592

J =  5.6274
theta =

  -0.34741
   0.83656

J =  5.6232
theta =

  -0.35381
   0.83720

J =  5.6191
theta =

  -0.36020
   0.83785

J =  5.6150
theta =

  -0.36657
   0.83849

J =  5.6109
theta =

  -0.37293
   0.83913

J =  5.6068
theta =

  -0.37928
   0.83976

J =  5.6027
theta =

  -0.38562
   0.84040

J =  5.5987
theta =

  -0.39195
   0.84104

J =  5.5946
theta =

  -0.39826
   0.84167

J =  5.5906
theta =

  -0.40457
   0.84230

J =  5.5866
theta =

  -0.41086
   0.84294

J =  5.5826
theta =

  -0.41714
   0.84357

J =  5.5786
theta =

  -0.42341
   0.84420

J =  5.5747
theta =

  -0.42967
   0.84483

J =  5.5707
theta =

  -0.43592
   0.84545

J =  5.5668
theta =

  -0.44216
   0.84608

J =  5.5628
theta =

  -0.44838
   0.84671

J =  5.5589
theta =

  -0.45460
   0.84733

J =  5.5550
theta =

  -0.46080
   0.84795

J =  5.5512
theta =

  -0.46699
   0.84857

J =  5.5473
theta =

  -0.47317
   0.84920

J =  5.5434
theta =

  -0.47934
   0.84982

J =  5.5396
theta =

  -0.48550
   0.85043

J =  5.5358
theta =

  -0.49165
   0.85105

J =  5.5319
theta =

  -0.49778
   0.85167

J =  5.5281
theta =

  -0.50391
   0.85228

J =  5.5244
theta =

  -0.51002
   0.85290

J =  5.5206
theta =

  -0.51613
   0.85351

J =  5.5168
theta =

  -0.52222
   0.85412

J =  5.5131
theta =

  -0.52830
   0.85473

J =  5.5094
theta =

  -0.53437
   0.85534

J =  5.5056
theta =

  -0.54043
   0.85595

J =  5.5019
theta =

  -0.54648
   0.85656

J =  5.4982
theta =

  -0.55252
   0.85717

J =  5.4946
theta =

  -0.55854
   0.85777

J =  5.4909
theta =

  -0.56456
   0.85838

J =  5.4872
theta =

  -0.57056
   0.85898

J =  5.4836
theta =

  -0.57656
   0.85958

J =  5.4800
theta =

  -0.58254
   0.86018

J =  5.4764
theta =

  -0.58851
   0.86078

J =  5.4728
theta =

  -0.59447
   0.86138

J =  5.4692
theta =

  -0.60042
   0.86198

J =  5.4656
theta =

  -0.60636
   0.86258

J =  5.4620
theta =

  -0.61229
   0.86317

J =  5.4585
theta =

  -0.61821
   0.86377

J =  5.4550
theta =

  -0.62412
   0.86436

J =  5.4514
theta =

  -0.63002
   0.86495

J =  5.4479
theta =

  -0.63591
   0.86554

J =  5.4444
theta =

  -0.64178
   0.86613

J =  5.4409
theta =

  -0.64765
   0.86672

J =  5.4375
theta =

  -0.65350
   0.86731

J =  5.4340
theta =

  -0.65935
   0.86790

J =  5.4306
theta =

  -0.66518
   0.86848

J =  5.4271
theta =

  -0.67100
   0.86907

J =  5.4237
theta =

  -0.67682
   0.86965

J =  5.4203
theta =

  -0.68262
   0.87024

J =  5.4169
theta =

  -0.68841
   0.87082

J =  5.4135
theta =

  -0.69419
   0.87140

J =  5.4101
theta =

  -0.69996
   0.87198

J =  5.4068
theta =

  -0.70573
   0.87256

J =  5.4034
theta =

  -0.71148
   0.87314

J =  5.4001
theta =

  -0.71722
   0.87371

J =  5.3968
theta =

  -0.72295
   0.87429

J =  5.3935
theta =

  -0.72866
   0.87486

J =  5.3902
theta =

  -0.73437
   0.87544

J =  5.3869
theta =

  -0.74007
   0.87601

J =  5.3836
theta =

  -0.74576
   0.87658

J =  5.3803
theta =

  -0.75144
   0.87715

J =  5.3771
theta =

  -0.75711
   0.87772

J =  5.3738
theta =

  -0.76276
   0.87829

J =  5.3706
theta =

  -0.76841
   0.87886

J =  5.3674
theta =

  -0.77405
   0.87942

J =  5.3642
theta =

  -0.77968
   0.87999

J =  5.3610
theta =

  -0.78529
   0.88055

J =  5.3578
theta =

  -0.79090
   0.88111

J =  5.3546
theta =

  -0.79650
   0.88168

J =  5.3515
theta =

  -0.80208
   0.88224

J =  5.3483
theta =

  -0.80766
   0.88280

J =  5.3452
theta =

  -0.81323
   0.88336

J =  5.3420
theta =

  -0.81878
   0.88392

J =  5.3389
theta =

  -0.82433
   0.88447

J =  5.3358
theta =

  -0.82987
   0.88503

J =  5.3327
theta =

  -0.83539
   0.88558

J =  5.3296
theta =

  -0.84091
   0.88614

J =  5.3266
theta =

  -0.84642
   0.88669

J =  5.3235
theta =

  -0.85191
   0.88724

J =  5.3205
theta =

  -0.85740
   0.88780

J =  5.3174
theta =

  -0.86288
   0.88835

J =  5.3144
theta =

  -0.86835
   0.88889

J =  5.3114
theta =

  -0.87380
   0.88944

J =  5.3084
theta =

  -0.87925
   0.88999

J =  5.3054
theta =

  -0.88469
   0.89054

J =  5.3024
theta =

  -0.89012
   0.89108

J =  5.2994
theta =

  -0.89553
   0.89163

J =  5.2965
theta =

  -0.90094
   0.89217

J =  5.2935
theta =

  -0.90634
   0.89271

J =  5.2906
theta =

  -0.91173
   0.89325

J =  5.2876
theta =

  -0.91711
   0.89379

J =  5.2847
theta =

  -0.92248
   0.89433

J =  5.2818
theta =

  -0.92784
   0.89487

J =  5.2789
theta =

  -0.93319
   0.89541

J =  5.2760
theta =

  -0.93853
   0.89595

J =  5.2731
theta =

  -0.94386
   0.89648

J =  5.2703
theta =

  -0.94918
   0.89702

J =  5.2674
theta =

  -0.95449
   0.89755

J =  5.2646
theta =

  -0.95979
   0.89808

J =  5.2617
theta =

  -0.96509
   0.89861

J =  5.2589
theta =

  -0.97037
   0.89914

J =  5.2561
theta =

  -0.97564
   0.89967

J =  5.2533
theta =

  -0.98091
   0.90020

J =  5.2505
theta =

  -0.98616
   0.90073

J =  5.2477
theta =

  -0.99140
   0.90126

J =  5.2449
theta =

  -0.99664
   0.90178

J =  5.2422
theta =

  -1.00187
   0.90231

J =  5.2394
theta =

  -1.00708
   0.90283

J =  5.2367
theta =

  -1.01229
   0.90336

J =  5.2339
theta =

  -1.01749
   0.90388

J =  5.2312
